B5: shared fraction of two maximal-chain worldlines vs x = d rho^(1/6) / T^(2/3)
   rho      T        d        x        N     shared    W_mid/(N/2)
   0.5   1000     11.2     0.10      986      0.662         0.0476
   0.5   1000     28.1     0.25      994      0.351         0.1821
   0.5   1000     56.1     0.50      988      0.190         0.2732
   0.5   1000    112.2     1.00      990      0.000         0.5819
   0.5   1000    224.5     2.00      985      0.000         0.9381
   0.5   1000    449.0     4.00      987      0.000         1.7742
   0.5   4000     28.3     0.10     3980      0.885         0.0000
   0.5   4000     70.7     0.25     3978      0.504         0.0320
   0.5   4000    141.4     0.50     3979      0.000         0.1454
   0.5   4000    282.8     1.00     3991      0.069         0.2033
   0.5   4000    565.7     2.00     3974      0.000         0.5538
   0.5   4000   1131.4     4.00     3976      0.000         1.1315
   2.0    500      5.6     0.10      989      0.612         0.1118
   2.0    500     14.0     0.25      990      0.368         0.1697
   2.0    500     28.1     0.50      984      0.206         0.1819
   2.0    500     56.1     1.00      989      0.000         0.3578
   2.0    500    112.2     2.00      986      0.000         0.9900
   2.0    500    224.5     4.00      986      0.000         1.9026
   2.0   2000     14.1     0.10     3987      0.711         0.0044
   2.0   2000     35.4     0.25     3988      0.745         0.0000
   2.0   2000     70.7     0.50     3975      0.266         0.0848
   2.0   2000    141.4     1.00     3978      0.000         0.3108
   2.0   2000    282.8     2.00     3979      0.000         0.5383
   2.0   2000    565.7     4.00     3984      0.000         1.1129
   8.0    250      2.8     0.10      986      0.754         0.0000
   8.0    250      7.0     0.25      988      0.436         0.0470
   8.0    250     14.0     0.50      988      0.271         0.1026
   8.0    250     28.1     1.00      982      0.000         0.3920
   8.0    250     56.1     2.00      989      0.000         0.8350
   8.0    250    112.2     4.00      988      0.000         1.8023
   8.0   1000      7.1     0.10     3980      0.850         0.0000
   8.0   1000     17.7     0.25     3983      0.455         0.0472
   8.0   1000     35.4     0.50     3979      0.199         0.1091
   8.0   1000     70.7     1.00     3983      0.000         0.2309
   8.0   1000    141.4     2.00     3973      0.000         0.5995
   8.0   1000    282.8     4.00     3979      0.000         1.1791
